Final population
Duration        Experience      Assignment
0.67587046	    0.0111905	    0.49242424
0.50920379	    0.0111905	    0.61991342
0.3703149	    0.0111905	    0.61385281
0.24392601	    0.0111905	    0.54924242
0.39670379	    0.0118056	    0.57770563
0.24809268	    0.0103704	    0.65876623
0.25110194	    0.0118056	    0.61847042
0.36370114	    0.0103704	    0.65382395
0.246803	    0.0126667	    0.6504329
0.16218599	    0.0139583	    0.58679654
0.18331394	    0.0161111	    0.54220779
0.30443171	    0.0126667	    0.55606061
0.15820297	    0.0139583	    0.52619048
0.16022684	    0.0126667	    0.63744589
0.16687066	    0.0118056	    0.59924242
0.2372073	    0.0139583	    0.56984127
0.28842457	    0.0139583	    0.59491342
0.13696445	    0.0107292	    0.57619048
0.17121646	    0.0126667	    0.60562771
0.1394448	    0.0139583	    0.53917749
0.6758704554	0.01395833333	0.583008658
0.4675371221	0.01611111111	0.5621212121
0.3078148998	0.01266666667	0.3577922078
0.4175371221	0.01395833333	0.5297619048
0.3036482332	0.01180555556	0.5672077922
0.3489855348	0.01266666667	0.45
0.2828148998	0.01395833333	0.6848484848
0.2123122543	0.01180555556	0.5887445887
0.1928678099	0.01395833333	0.6225108225
0.2856287526	0.01072916667	0.5204545455
0.3044398027	0.01072916667	0.5071428571
0.1735391062	0.01037037037	0.7103896104
0.2147205282	0.01119047619	0.6298701299
0.2718438447	0.01266666667	0.7015151515
0.177967929	    0.01119047619	0.6079004329
0.1871138416	0.01119047619	0.7844155844
0.1297882152	0.01180555556	0.5931818182
0.2041824966	0.01180555556	0.8701298701
0.1851385752	0.01180555556	0.4962121212
0.1986497594	0.01119047619	0.6806637807



Distance:
32: 0.17417166155122815
8: 0.05532935752393421
6: 0.12275416524739952
31: 0.11600750376554303
30: 0.0474562495380346
18: 0.11339048615643924
35: 0.11430532688466116
33: 0.07473928357357838
40: 0.07162807839873112
36: 0.3259451952106479
1: 0.09020271111395378
4: 0.044610352533265084
3: 0.08106621050244518
2: 0.4965303354370535
39: 0.1428255418094584
25: 0.04438099140419513
28: 0.03176054452114692
37: 0.012040557924839504
38: 0.025026856926543457
5: 0.09979027897149495
15: 0.03744938727164998
7: 0.2053153362880043
23: 0.23156556108220266
26: 0.3651202210322975
34: 0.10793153573489517
12: 0.02659266135914848
19: 0.029110468589022786
14: 0.04742900107353632
9: 0.26458581762515204
13: 0.2812114543393436
20: 0.06318487864607815
16: 0.07101458667652463
10: 0.02336194204805791
17: 0.044832858592231274
24: 0.15506618128492186
21: 0.3229483194643862
29: 0.04055875494997594
27: 0.4409398398503719
11: 0.4077761846515734
22: 0.18961987602454242